Original Image   |   Jaccard Index   |   Maximum Euclidean Distance   |   Mean Euclidean Distance
20151115_172901		0.9876			7.0711				5.8329
20151115_173835		0.9917			8.6023				5.4253
20151115_182139		0.9924			5.3852				3.3710
20151115_182506		0.9873			10.0000				6.6413
20151115_183428		0.9908			6.7082				4.9352
20151115_183600		0.9890			7.0711				4.9478
20151115_183605		0.9908			4.2426				3.7025
20151118_120039		0.9934			4.2426				3.7025
20151118_120145		0.9928			5.0000				4.0607
20151118_120210		0.9916			6.4031				5.0779
20151118_121152		0.9909			6.4031				5.2016
20151118_121211		0.9868			8.4853				6.6233
20151118_121235		0.9874			7.2111				5.6056
20151118_121917		0.9918			5.0000				4.3301
20151118_140414		0.9923			5.0000				3.9765
20151118_140419		0.9898			7.2111				5.0005
20151118_140429		0.9968			3.0000				2.0000
20151118_140450		0.9936			4.1231				2.6343
20151118_142204		0.9898			7.8102				5.3675
20151118_142207		0.9827			15.0000				9.0000
20151118_142239		0.9942			3.1623				2.2882
20151118_142257		0.9945			4.0000				3.0000
20151118_143607		0.9874			8.6023				6.0240
20151118_143738		0.9903			8.0623				5.9870
20151118_143743		0.9882			7.2111				4.9208
20151118_162906		0.9927			5.3852				3.5336
20151118_162915		0.9898			5.6569				4.6836
20151118_162939		0.9929			5.3852				3.3710
20151121_120914		0.9937			5.3852				3.8034
20151123_125305		0.9945			3.1623				2.6992
20151123_225107		0.9892			7.2111				5.8416
20151123_225144		0.9939			4.2426				2.8512
20151123_225201		0.9880			10.0000				6.6557
20151123_225457		0.9906			8.2462				5.2411
20151123_225532		0.9948			2.2361				2.2361
20151123_225535		0.9897			5.6569				4.4142
20151127_105123		0.9883			7.6158				5.5229
20151202_131008		0.9907			7.2801				5.4428
20151202_133941		0.9903			6.0828				4.0797
20151202_134045		0.9884			10.0000				7.2875
20151202_140339		0.9897			5.6569				4.6836
20151202_173048		0.9913			5.6569				4.0322
20151202_180037		0.9926			3.6056				3.3839
20151202_180052		0.9910			5.0000				3.6180
20151204_191649		0.9892			8.5440				6.3933
20151204_191651		0.9923			4.1231				3.0898
20151204_193425		0.9897			8.6023				5.5467
20151204_213040		0.9890			6.4031				4.9161
20151204_213059		0.9944			3.1623				2.5996
20151204_213111		0.9925			5.0000				3.9765
